Stellar Object ID;Galactic Component (1=thin disc, 2=thick disc, 3=halo);Effective Temperature (Kelvin);Age (log10 of age in years);Luminosity (log10 of luminosity in watts);Mass (mass in MSun [mass of sun])
1;2;9220.808904744617;8.05752370044543;20.868588223588258;641.1546229368868
2;1;5334.617612867452;8.49304710277191;19.554282488885672;465.99125688077424
3;1;7673.826349110211;8.686201208376222;37.14397313317893;406.60333587237574
4;1;8766.994683136523;7.603625240716557;20.32358735427583;515.2364687716622
5;1;5440.766253934496;8.251595239321306;19.600592983197032;390.44472507199976
6;3;4714.977909793977;7.252484445713176;37.84491109313481;558.512656634785
7;1;5898.467584305976;7.0628943707593725;36.7719368253037;980.1723146749974
8;1;5548.474682368989;8.089539435433615;16.57711436928707;722.939877157418
9;1;4278.8706805319525;7.541023781085696;16.497507404454765;234.42457973566778
10;1;7637.992696182865;8.73680551022347;33.59373308297172;161.20410225209872
11;3;4451.592858508319;7.468589921482635;32.79267563007731;997.9837265460588
12;2;7396.681149805576;7.339820239384462;16.573857735386504;212.22858913328582
13;2;7742.136267337161;8.808540597248228;25.146573191840538;830.6293657067022
14;1;7960.877697450063;7.581344724500195;32.05588665058322;493.9032257275724
15;1;4965.237173928104;8.009562283070894;37.035889869274214;958.7270495852893
16;3;9965.322762659118;7.23135534129099;15.49762669096493;197.40490278398855
17;2;4755.092546546241;7.007517879261897;19.99673220327781;477.158746004798
18;2;6791.192905987425;8.753434137175823;38.618341207244924;136.1162139648698
19;1;4324.875121239556;8.67862242624431;23.929723351041968;221.10893429557456
20;3;4578.828059561957;7.502738538859085;27.508150940816062;645.6530445475264
21;2;8706.727833999073;8.170891520060923;38.769340597197136;512.1492326237338
22;1;8623.893123215155;7.043971272830876;28.527330849999473;872.8864257873728
23;2;5201.889801151288;8.619504070475625;38.32445396636905;254.5933886536397
24;3;6681.881884595916;7.154113183617895;27.755337790521118;529.4598493826035
25;1;5630.635523244369;7.268873128625553;25.54803272319772;107.61384120492224
26;2;6635.486716817321;7.846723577381663;29.385515607788754;757.0335638675339
27;1;3560.2690519733064;8.063008876971104;25.809290945595688;324.4032780988091
28;1;4207.651495644477;8.796973618969659;32.58710642596546;256.7930672894149
29;2;6589.831019149808;7.760807320727967;35.15647448445063;414.9402156868481
30;3;7213.924934170071;8.38556626413487;27.907355060312035;198.97790268920144
31;2;4422.486827183497;7.26389867362434;18.09354012679999;302.87038358984876
32;2;5446.336475030018;7.236517219553548;38.18476860624512;385.85699469386583
33;2;8957.099082123248;8.423090947949692;17.373497937428635;292.2908009738234
34;3;4390.897221575462;8.480305741455101;21.19306895685765;95.4867986357775
35;2;3964.5820599792414;7.963226762873038;32.47519159626489;815.5792018849655
36;3;5834.5673083387155;7.562085820666785;39.34293152069348;146.10777741235646
37;1;5892.168459157612;8.990274065714155;28.419397034623145;449.3512785634492
38;1;5187.536956080032;8.066628447015596;19.767376585626607;623.390117816698
39;1;5503.25825546634;7.946440852980178;30.391819952190467;16.26037747376811
40;1;9945.767786028973;7.993115061446574;25.644753331195137;659.6708360436567
41;3;5907.979903811429;7.3237423927440055;25.032196158752164;76.14711592865407
42;1;5507.338663011009;7.34643000623146;37.41024451022529;761.3878921876965
43;3;4978.358442540244;7.11709101101167;31.326290912067556;636.2424700075
44;2;4050.3379340156966;7.8673503635898765;24.564610728349226;75.52747365178163
45;1;3942.59501430897;7.511786596853508;27.576394164408484;66.37724077950605
46;2;3845.4078393023665;7.948814988127877;37.155456527544274;353.0697962377616
47;1;7309.734198037208;8.18461239689877;31.88748369723971;203.96135598334126
48;1;8839.777788422181;7.652430909112153;31.710290330453514;350.67864810744925
49;1;6866.793794225388;8.028422329489558;28.844079402334234;637.1253723393321
50;2;4745.624529549345;7.439895082487691;32.29986459020085;743.3531736426781
51;1;8733.5731447818;7.6317411746310135;24.76869797411115;768.4438824370578
52;2;4005.98481674698;7.498061641506811;23.40075493684836;502.60438130956334
53;2;7249.708036506045;8.381730495968775;32.70342896825906;919.4000408096064
54;2;4263.157169363783;8.253822126558887;31.664451942152393;544.7234131903248
55;2;6371.553762202034;7.219987047058049;23.565544836261918;709.0042355168137
56;1;5257.151634507243;7.133969508300943;16.812559086380414;481.4601084272368
57;1;8088.308824445149;7.625797092134011;25.53192266011655;84.73789959096928
58;3;6444.732941518454;8.697026041384003;17.963599290686616;93.81245812966048
59;1;6675.2418283515335;7.955423546507516;31.930451509012794;591.0878677057766
60;2;7599.518170020512;8.079062572836607;36.8312475345779;755.5840457151494
61;3;6109.256773397741;8.068911507547059;25.110405951919375;497.69921904875605
62;2;4801.587232003802;7.23701412413142;16.030477403416285;467.4306979350818
63;3;6291.653227036635;8.203502230088443;24.68532770034152;140.5828530749439
64;3;4493.433892021721;8.703794977035075;31.011268835888373;363.4114897533274
65;3;3852.6110455568974;7.7964834171211574;18.822406515950025;802.1062277073413
66;1;5864.0178082770535;8.310087856702882;16.444610081312877;136.00756476435024
67;3;7885.145854112524;8.140713056057859;15.362541990259437;279.5633934017151
68;1;7368.808712640971;8.297069255933572;23.0861878632412;687.1903965802729
69;3;9859.517208761497;8.048355242855742;24.521454324911836;448.3876975610088
70;3;6785.49194768187;8.295564914364133;25.46854875811335;465.0576042144683
71;3;5740.053651399256;7.083914562172073;30.040352771123523;605.7955744721869
72;1;7170.106660551823;7.781830639437855;31.209877764145503;605.3401050364079
73;1;8152.968147220616;7.221594546463531;17.727768768602555;627.6234017842996
74;1;5008.039316773119;8.777960990632689;15.714016029879705;99.12385264323879
75;3;6020.51230232984;8.54937828974517;33.61856170797455;69.04460160246884
76;2;4372.927752250706;7.093295528581802;20.310528056495777;720.4249760632874
77;3;5843.86076880398;8.067307163113375;31.820610449738176;723.9852994116908
78;1;7520.489163310745;7.308902330232803;37.452873141800744;318.81349361005806
79;3;4460.473031571248;7.213108227574637;33.540395386377554;341.2911643115509
80;2;4019.831799340037;7.435083346258148;22.54365742005358;428.2016948318665
81;3;9686.751080516755;8.177255254522201;30.007445821053523;694.7771360160417
82;3;8193.698907211645;7.588934732475652;34.05900313224283;65.77099767849926
83;1;3758.6426032749114;8.845396859205634;24.933535115137406;351.61047064727364
84;1;8134.698013542168;7.364554689910232;28.805941362101954;932.0862455988538
85;1;6336.230872607479;8.730704197710024;35.22185999156282;975.9241305582601
86;1;5695.599719170336;7.387058681054764;35.714763128214344;932.3775906513648
87;2;9355.981287276722;8.214318975968373;31.61633369145401;550.0422569388217
88;2;4493.294572529443;8.15341609878378;30.170499715105745;388.42627062596273
89;2;4286.4369145510545;7.206152321985968;30.85759001940228;339.6073240058874
90;3;4943.831756385029;8.03391574620141;23.978790382559435;183.89580503363453
91;3;5616.482667416822;8.900248353054444;27.088609399134725;661.2526263927261
92;2;7897.267465738472;8.325821103708408;39.62906266279116;736.5137159007462
93;1;8941.404591892107;8.211392917363938;16.47724271760281;387.1019507817292
94;2;6774.134493221298;8.787657575635274;38.659860238024635;862.9626035361691
95;1;5490.0622607766145;7.633174122089956;39.646421981772704;49.756989904446634
96;1;4568.011688397792;8.569489694535443;34.93734712532048;147.73193844475128
97;1;8587.29002228764;8.17951515404627;32.51764361497388;726.4318649287028
98;3;4108.291060065141;8.465646698360832;21.919742220193605;12.718686750294069
99;2;9442.394161980417;7.550875534579443;37.3225255565587;217.92700071477364
100;3;6997.735245096454;8.486763468551615;39.511516759405225;583.7807166803135
101;1;7388.6628139378545;7.507029394914801;16.65389715960818;772.5266483893669
102;3;3704.2544415327006;7.219507009820308;34.67154259171756;734.1398607592804
103;3;5196.648027231378;7.536532973151887;21.235632827990834;862.4929644780584
104;1;6488.631758439355;8.151909577316811;30.19521081785277;233.0279796202871
105;3;9998.884253210152;7.625919695263537;27.74969083105012;131.93422699377902
106;1;9745.918940165231;8.054879955058242;31.19372599244442;991.801336016615
107;3;5635.146146564546;8.4827352369997;36.11216499657688;788.122084942182
108;2;3674.197723584501;8.431161653207159;21.715243239859568;332.55751066259074
109;2;8198.223485745602;7.1129864005070536;35.46911027980028;22.002686175983676
110;2;8719.36778627069;7.888936142877115;23.91515036280096;464.5200777071583
111;1;5970.281797316767;8.698616232540093;39.97484836805259;34.13377077404886
112;3;6480.95825817623;7.345171090141108;19.63994358112695;253.77388909414773
113;2;9729.038320016738;7.95114926502862;17.346349312245305;214.99036995532873
114;2;9939.364510011748;8.44566572523648;31.36602515558685;906.5098863837022
115;2;6185.576166761125;8.049446574715182;19.3277608343953;926.0513821948513
116;3;9770.068427893653;7.324856435577247;20.35344359717671;423.77193032437594
117;3;5120.277916715926;8.842982446143212;27.852428085638813;389.7026843448237
118;3;5115.112600121562;7.558960148812335;38.10594649771153;659.2670368160549
119;3;9335.21658487737;7.478972240703991;38.49779142152643;524.6643017546261
120;1;9274.309637298848;7.290136737421557;25.412659692093982;519.5072622940983
121;2;5349.070330957797;8.811815192495501;15.80128238083837;740.1916687048249
122;2;9981.899559863992;8.086554900557273;22.460660500596088;966.1769138871698
123;1;4024.5991263374717;8.864494085824074;22.38969415432281;633.681325947274
124;2;5291.01642208735;8.364047480794667;25.584907344330038;232.71789675856922
125;1;7654.473104348434;8.407211631315315;24.323880811674286;512.2524338011469
126;1;5285.203400856442;7.80158344793217;38.558953444458794;667.4361075896202
127;2;8147.4077342021355;8.956005371700897;31.912418380090124;182.1547463731021
128;1;5441.494233216218;8.022461983779928;20.571039189800665;368.48906055723023
129;1;9268.13897967566;7.034281070098518;33.26402442518989;242.48930382073385
130;3;5924.323443783473;8.988457019893431;17.56417947454555;247.48250369968167
131;2;9551.867501018616;7.273790240354606;28.943491028983253;702.3556254793721
132;3;9797.368272901183;8.658933512061479;25.782619910070053;242.59869559000006
133;1;5764.308762685721;8.644011161765688;30.211055617483485;722.828397902457
134;1;6141.897930328034;8.864074305935256;27.906844711835305;488.8398935958716
135;1;6796.949876977214;8.376228163844218;31.78664271550061;731.7622674817433
136;2;5016.577468428234;7.078469005014851;31.16055463522722;40.74664267275717
137;1;3766.8311121118522;8.414940470620504;26.53821446234637;395.3201541129555
138;1;6457.128638114507;7.784355000043551;28.775643865752954;793.8005160436846
139;2;6409.139839993382;8.071853595174199;18.24110695618927;752.1644810886335
140;3;6470.478810825745;8.553100517804227;16.075111174343117;878.2489061760871
141;1;6998.040981913713;7.716121483148135;30.063283298057225;571.814490934201
142;1;6620.117367951265;8.874705152564319;39.026227633942355;128.99185759819903
143;2;6442.257687619407;8.212724604500213;30.252194123669074;736.880905668658
144;2;9447.109498441834;8.767054487237967;15.624384867811353;339.61882617336744
145;1;5022.943645201354;8.968599275961738;16.28873546719225;177.08907681091023
146;2;8372.911672080441;7.794138337493858;17.057235852586228;955.0110260872785
147;3;8188.881698493617;7.9153346767028925;22.666260611366553;47.49549370938543
148;3;7822.213746845058;8.876128626903245;35.48885511084421;384.41483319015646
149;2;5594.692230411151;7.596835342971906;34.407526781612134;661.8791931541482
150;2;4333.036579202942;7.443843647351222;30.72059739830768;882.3330177644319
151;2;7650.243382579249;8.858686056593502;22.966888400294227;982.935440042995
152;2;4904.435942551432;7.372363656125987;18.091587460124735;988.7668975870093
153;3;8287.902355445844;8.761905338855701;39.44427721414415;952.6257620963663
154;1;9107.827172483516;8.068929402168171;33.48227748659673;422.9913631450208
155;1;9382.546468956596;7.951352475991376;39.08506464574823;323.16891906009437
156;2;7468.772195649588;8.552976529924706;28.163775205280107;577.9092151875338
157;2;8895.933001442398;8.994150321516775;34.31969262498423;793.8969835533825
158;2;6018.714931790245;8.498797012179761;25.32292242085466;54.993177276112704
159;1;8841.349900541309;8.038999821369162;20.592896638184904;297.2198989685301
160;2;5115.100732481996;7.262690306863743;30.592335485668798;302.3626087786636
161;3;6166.616121953066;8.833922650097104;15.514604252666231;397.01627449179534
162;3;7826.132167046539;8.847740033812448;26.94346073304868;218.27312693786342
163;2;7065.000164292145;8.75206804127106;34.72668229204467;611.8550792815619
164;3;4869.522521298901;8.25701990535155;26.595605565109047;307.36383775875277
165;1;4286.068662645588;7.246371897897367;18.474656016035897;617.5508581462518
166;2;4719.101421553955;8.266405344023704;23.532794836523998;572.807205591271
167;1;7366.4412437112305;7.678017369793072;18.532045194337705;477.5489766402816
168;1;5081.552030778347;7.820635918198852;28.309506901629483;502.7239231257711
169;2;5179.9120422654705;7.956632576743046;22.101307933176056;352.0784811786681
170;1;7448.33496941779;7.128041169045835;29.127069701757698;254.18405511884637
171;1;9854.687673306482;8.99721657792964;39.312154044769194;419.77778734939903
172;1;6922.134669623664;7.210812411268554;31.042290875966188;596.9597740701848
173;2;7690.428905305701;7.337011372320361;23.12602354618472;100.06307867469364
174;2;8536.38468614536;7.382925200628192;25.39317432948141;830.1632897080316
175;2;6980.134099814479;7.642541505839331;28.797950394362257;756.4260731741516
176;1;6750.331795015834;8.168322621126357;20.75364638637934;404.8767001997952
177;3;3876.943031855156;7.995210561178246;34.04509335705742;283.93379951316024
178;1;3835.4320160111506;8.721683571378328;16.482656119659985;74.90168416553473
179;3;5136.154015270907;7.941504224408105;38.44490174163492;55.083291580237024
180;2;5465.057630168489;7.271950417553317;25.470430792748825;646.9581990466696
181;1;6733.2083125422705;8.748581099623552;26.52081166148939;481.19158342639753
182;1;4377.297756164169;7.323894651495447;23.203013790140332;861.8289180225463
183;1;5509.839970026267;8.446289649476105;16.198668392900927;108.1106701592361
184;3;7478.302455262622;7.710441698959354;38.19977566316369;240.0444243993182
185;2;9004.48991655064;7.409752345505318;39.99642385931121;892.247941289303
186;2;9442.189536407657;7.821234157380612;15.361605216583008;106.41125030285619
187;3;5462.36459134215;8.397014533202302;18.00298844247362;364.19998075741796
188;1;7731.932736452496;8.734208079514808;19.424955322085033;830.1589502341078
189;2;3833.669142725579;8.11845227866967;24.12312732220778;14.520031272109046
190;3;7953.35818716621;8.252827457854318;26.711974871454416;31.299581676504495
191;3;4086.114917650496;7.24079389737817;23.190699497459978;569.5169816322887
192;2;9121.27301606875;8.541031812819837;34.05120035088207;455.03209938466534
193;2;4568.401204845935;7.406136180921403;25.581542654666546;134.65212438865174
194;2;5982.0639110433995;7.9654213975585595;35.78727553741731;449.63052754685805
195;1;7476.594804868902;7.496597921425453;33.039873284104864;921.3781374051089
196;2;3974.73061050805;7.0559759353345735;25.17134776085449;824.1405911756041
197;3;9617.339799433603;7.448737113674594;37.26501412842775;582.5838296044989
198;3;4077.0240789428117;8.176140426803514;23.453018274945578;864.2276242973094
199;2;4833.684044915124;8.607740353240132;31.09492728526677;539.0591296766574
200;2;4720.678714773483;8.086432220651714;39.14602135249747;430.18951904778123
201;3;9432.59934885075;7.243370172899559;20.830640612038483;543.1471257800824
202;1;8275.954775684206;7.872449929486389;21.49233260894153;671.6843698206443
203;2;9072.607040633548;8.796495631541777;24.265961084364392;207.68963542292747
204;2;8478.583965399033;8.939223880360434;23.03584976038507;643.664050865432
205;1;6540.127184814894;8.709560036686977;20.405065680017557;744.7708390511973
206;2;6026.580587040303;7.668167806658062;26.32035573128332;937.1929111563079
207;2;9181.078788070681;7.230348748880413;39.83653989684154;118.99296304868815
208;3;5271.744899175549;8.30335839945105;15.800001230300031;16.61204518186087
209;3;5923.4554533599985;7.132365242207066;19.400763935684257;511.86508849683116
210;1;9512.952788043332;8.021276735683536;20.4267111886357;836.624220658013
211;1;4294.359655386748;7.885746577239306;28.37889672331606;940.7348845446818
212;1;8190.002422020006;7.875644827465287;26.774019482721016;781.6098768748568
213;2;7327.463381930969;8.400800236550976;24.482420800990013;858.4615248183618
214;2;7310.271708270364;8.212362240312094;33.83402701868618;514.7297154784443
215;1;9805.516475168446;7.483016756408661;18.545948564775344;29.16467143644222
216;2;7589.087299145624;8.159216624373304;20.667437734859124;357.4345730268748
217;3;8830.230059597106;8.146516763184303;16.423151055434296;791.4137117519015
218;2;8907.303104460665;7.578135629307883;24.84978511266479;631.2156921358863
219;1;8194.32204816447;8.316789920083128;18.572870659888565;147.21938803005332
220;2;3798.255781719115;8.001199625799075;29.033592256141638;945.2537001276527
221;2;7138.565397306322;8.170640280433403;28.17010914264674;869.2116484288572
222;3;7487.704279672193;8.161840839060947;38.46712439373454;499.7560190837892
223;2;8734.385909521345;7.334940163402781;28.9788199708904;248.45650439856922
224;3;3815.6791282027934;7.960311645473927;24.261356327011736;784.1505233944348
225;1;3828.2369665482784;7.413263517287495;26.774689506371647;324.33462426824775
226;2;6508.404744227239;7.526432283456791;30.052694864553395;4.940851286750496
227;3;3625.4792921585845;7.70373984438946;16.296529687734164;85.12459133749837
228;3;6993.766508575799;8.855418867440948;34.169570981585395;716.4736653619208
229;1;9577.359738087573;7.389571070076835;23.118971449948848;894.6560052248302
230;3;3959.569709656342;8.861248099182975;34.71063091415337;395.8575051470832
231;2;7613.842438032065;7.735725622223505;26.013299307985307;650.6860931623378
232;2;7032.4156870714605;8.380313597350915;34.71561888102234;869.9082403516165
233;1;4016.450216568158;8.16845056108945;38.19243403459225;856.7191000408106
234;2;6640.539341127048;7.744986048768121;30.327573162164168;321.67590522189585
235;1;5836.463050987939;7.499353235798742;18.472537315005145;622.4245951628777
236;1;3617.755407358289;7.4154414968483335;19.55278182656139;244.5292180875689
237;3;9814.745727541616;8.690590635774562;30.756822670690276;279.49209312716175
238;2;6536.7587506325;7.42478339035771;31.48091534983272;146.0012618296011
239;1;4319.912556034691;7.542459432971773;18.431184067783533;27.252917088011834
240;2;5483.42553882561;8.140024911833383;30.0211800516974;88.29926610238961
241;2;7440.683414312467;7.576010291712686;39.00106506502558;959.3127848329493
242;3;5588.796690483941;8.058523321138983;35.62547373667357;158.08645857576815
243;1;5624.873904283034;7.4591094789883305;16.87031040789148;22.207408520587396
244;1;9315.867999779923;8.82332661753326;23.80496881809371;481.4457880656563
245;3;5466.751392593937;8.455506254553933;27.670656083397404;605.8940184234314
246;3;5409.0550054838195;8.741906551413411;19.841698780769804;104.17798438992929
247;3;4430.357781246514;8.743409351483274;19.552740495227596;333.37813907123257
248;2;3982.520693606819;7.580101315450344;27.79870615817629;754.7654334709802
249;1;9531.893247693279;8.245898072742836;24.04954799827373;482.3504527680641
250;1;8651.403266985159;8.807509993069853;24.581981994216086;249.40696491634867
251;1;8869.393707975054;7.052632171813732;34.80480243348373;130.8916487946464
252;2;5820.208494999268;7.890537938431246;17.688905292093693;158.2149807472906
253;1;5265.516565726862;8.529455940396371;36.53668558274267;885.2894194454803
254;1;8277.972840471946;8.306863181825978;21.627369998598372;783.3252701865274
255;3;3510.2694929591653;7.595333975227112;31.668012534120628;292.95065206514863
256;3;9328.225473099546;8.38029197312772;29.06018248712605;531.6421903280136
257;2;3856.8504800844776;8.843685417520353;16.39969396516646;471.35002375998465
258;1;6237.738699025585;7.9518866890410305;17.73137169303863;479.83693967666585
259;2;9156.634155541757;7.519077624961095;19.979949037410208;407.01739494859544
260;3;8170.951133904864;8.887290240644065;16.55418249861415;621.997088186803
261;1;6395.547811378799;7.27787750745475;35.211949715532775;26.75964577591562
262;3;8216.308514057087;8.717099456624307;21.324324991664692;312.33880887220135
263;1;4916.485588303324;7.433311922749081;38.28820492604779;106.44367935216562
264;3;6614.8129558328465;7.272138758050133;24.90450918418605;290.9471914014219
265;1;3971.5176609884056;8.130107599599397;19.73789940273932;285.34952811658485
266;3;8179.7490755304125;7.864941228153318;34.73352865583118;49.53900933001881
267;2;8442.349469677634;8.59267032592045;31.204252053923728;894.8246437277215
268;1;6663.139093578395;7.197748213709486;26.804306428567507;864.5901777130322
269;1;4377.61226408952;8.569216225729521;28.54154680141993;733.896049222789
270;1;5690.688142939485;7.317924185307656;18.335126694388194;109.17919895080196
271;2;7417.140925114706;8.697159584819909;16.765579586576415;999.7257162263061
272;3;4882.804685292297;8.286470002843368;24.74064457958418;805.8065167542444
273;2;6231.599135526458;8.541811419249672;16.603985126348046;804.8757384626347
274;2;4945.5141425583515;7.234901563409686;21.082415600785595;305.67352612031357
275;2;8581.143167616176;7.810851377239657;24.987695203382962;550.2459136537605
276;3;7360.638910843047;8.47982822846816;21.157032638045035;899.2893200185121
277;3;5445.256020746254;7.679148437223899;36.593274595420525;355.9119489978
278;2;6056.739055957294;8.064933899997621;38.38849103261754;878.9077473340111
279;2;8760.045128510807;8.42577280681063;34.93671133578829;947.3109637722032
280;3;5965.6350821671185;7.744555182355082;26.889044162416006;417.7146507732469
281;1;3507.483344527163;8.868603828865373;31.08237589024286;803.5592088449878
282;2;7601.462496149874;7.28594965882526;17.46406939226116;375.68889171049057
283;3;6936.185377447582;8.007854412079002;17.34591928316596;944.3960704647902
284;3;7711.111835493255;8.997152834034345;21.226888319042388;398.71964880009733
285;3;5370.678534366837;8.972698460685251;20.22919641858023;928.3649779429022
286;1;5373.099503823874;8.656582873627926;35.451655293092;557.0653710718008
287;2;3792.432621653885;8.39641946674759;25.061083758860608;831.0597926234844
288;1;5267.065733699531;7.630578933670471;31.292899714576116;227.45803122236347
289;2;3789.1049491882627;8.324995678096208;35.35926397474056;821.8204799109071
290;2;8000.449842620876;7.066445834704439;37.34092517546047;745.6929041050133
291;1;8440.88385706396;7.250823479847508;25.30526815314029;141.36965066969694
292;3;8955.453266007267;7.633014147052939;20.961210696961857;299.10154505756503
293;3;5207.659523653697;7.993591421632407;38.76338959027849;53.381128073167034
294;3;7419.106216379938;7.527300958864216;27.56840515037544;454.8328064652999
295;1;3572.1534830937408;7.381821062688643;18.4994550609111;376.5865715295913
296;3;4546.839525232614;8.34766040534206;29.832741198589822;853.288266441935
297;3;4975.260791304108;7.069077915036105;18.972078591046944;859.7119665532408
298;3;5156.103151620656;8.707307908128147;19.68906480502405;87.96493525843395
299;1;3577.9472854750143;8.237992631943975;37.28536732746957;639.9337461271176
300;3;5110.36337976086;7.996871174764458;15.566688046964014;373.00523982483895
301;3;4051.0447307032787;7.0776998720748345;35.16414803819135;965.058485934086
302;3;5636.385083034567;7.402479643501856;34.49498241067279;820.2313748592159
303;2;4928.893912758566;7.615684788909704;23.095269633567682;517.0837332902776
304;2;8031.984715408325;8.797366937221971;24.373231739709908;835.6422636603687
305;2;8004.235490082682;7.394386229299244;16.5226396436476;660.6513270161868
306;3;4961.751368302687;8.85782371017637;21.882938946655713;673.4330817697038
307;2;7328.642623777005;8.851550011986564;37.00300069933972;483.45598547682005
308;2;9622.285349165242;7.454142282167252;24.855796345449235;541.8214091092705
309;1;7452.005634651972;8.1016393362;38.14348546386698;962.3081458778671
310;2;6293.329120208774;7.125005594949041;31.83190049368653;783.0342157758884
311;2;4545.511115581063;8.580302644346277;22.291024356524904;22.16539513117201
312;2;3925.7134013428795;7.805708174356989;37.54307813600785;703.2955423414951
313;2;4930.3906746157745;8.84316707189112;27.931227199106818;477.8165610545458
314;3;6317.5257429201665;8.659977290213249;23.04732663798466;783.186087324192
315;3;9194.998371677852;7.169182491119371;21.43243466813897;654.4041747053872
316;3;6527.549321750374;7.871093865267589;23.042469090193336;451.2052091608651
317;2;5890.065179360057;7.2193844387830115;29.17982298321304;39.4419277380473
318;3;4201.818311137291;7.836689015164212;31.957073552941356;771.9032305014089
319;1;8289.84762942178;8.879766233701755;38.71688542569494;987.9898625459366
320;3;5504.644573697207;8.416106323966943;22.979536938423934;753.7448745531544
321;3;6267.914100743298;8.92157315672546;30.7922450770702;604.570768719773
322;2;3801.1585655462404;7.706988895237975;28.707264457994405;863.9820867953146
323;2;9584.465036143374;8.204189254091462;17.98005884942083;883.0518449070098
324;3;7949.0165337948565;7.249708547695897;35.08965574206238;982.5781710484399
325;2;9450.254963114066;7.909303062549053;31.87829949562172;845.3477357360642
326;2;6882.589701883053;8.71941904773383;35.56853936548896;811.0302379233473
327;3;7242.420627213709;8.74662984182013;37.24182509573586;926.8749534783595
328;3;3832.2739149360614;8.280378636437547;28.294407527103942;670.8264400757104
329;3;6937.23235701873;8.444156550928575;23.602830887961247;314.8866843942653
330;1;7136.393430004735;8.497904186247945;39.139737198812675;237.1176873043461
331;1;9114.092827929106;7.3715967143531005;20.592211691135677;284.0247915083889
332;2;4312.470457213599;8.734917842843444;15.789973510472391;414.87654385290324
333;2;6784.466734306792;8.994629624147212;37.026231059525415;593.1790636389629
334;1;4667.086018307936;7.498769170639173;24.07550248944837;721.7720708703129
335;2;7293.295105499916;7.93527007642998;33.182330448559256;776.2590633854846
336;2;8837.789216072882;8.644264471522163;39.65653342699733;139.84345916155138
337;1;9122.48385347712;7.820458139965623;23.00779896337615;107.02120390996312
338;3;8607.795616582333;7.069764009655679;21.891691845547125;28.90504533837072
339;2;8026.986483579493;8.7004356155742;29.79177982968097;342.37977728351177
340;1;8106.706954431367;8.453414502100879;27.421231348405932;987.3292048002459
341;3;5421.090693488325;8.306545022920721;25.54327756916635;305.85186419323736
342;3;8922.2277515722;8.665462281669129;36.72357441928761;152.98181925036417
343;2;7677.570306213301;7.660320342405138;27.295428009693666;908.7963779495025
344;2;4926.673323794445;7.420428322209583;34.82115491032988;966.6691565182949
345;1;8060.735774977477;7.051761494285692;21.904108361450856;268.2014047000429
346;3;9920.57271376947;8.491075031354878;29.024666064427628;326.16743416775887
347;2;5555.403099216679;8.172981667763139;25.527251999134073;251.85106240605248
348;2;3780.962687064141;8.557670603497346;21.484871358736655;520.8193293254764
349;3;9778.56259945126;7.49932155088159;24.513827124871845;50.97831125544535
350;2;8905.5916087289;7.438583872131639;17.892230938494116;39.49181996163824
351;1;3950.7520221769;7.746387676750096;34.533058890482614;314.7685269246644
352;2;3628.6671719987316;7.897884839392573;27.497390056638444;879.7685131084638
353;2;7008.491915219941;8.923532644780186;37.81991892864956;477.61656612520187
354;3;5125.622999821841;8.780889826677754;37.685225524729844;998.9402613265607
355;1;9644.445334484317;7.244367616231959;38.32105466206367;539.171851424923
356;3;4658.659072664994;8.092380436712453;30.965468179417925;721.3698554283227
357;2;5542.332597553093;7.684220898899278;23.72380699681436;208.31898146594335
358;1;5862.1659559541295;7.953062047265488;30.869527999712766;417.8618564341728
359;3;5336.533993320098;7.847488324277688;22.08803177941494;375.1411644119775
360;2;8144.283218351826;7.5123951369855355;21.577875919893398;483.86366061179854
361;3;9607.793054890739;7.058557205476847;37.30136988760293;536.1539259668888
362;3;5500.505753713796;8.65855587768501;27.502013770192036;567.7641760136305
363;1;8403.145591133216;8.9073322906928;30.82474938106305;423.6742308631508
364;1;8325.455844297467;8.275769742751976;27.073432531701858;876.6464291315165
365;1;5498.931769470615;7.350805887067802;25.392936143269434;371.75430840911395
366;2;8963.665746782204;7.074004168372171;15.76492523000658;911.4682440451916
367;1;5859.859798822358;8.751970932263339;38.2879894729049;559.0737027571887
368;1;7909.440922666529;7.432712786382143;22.39012216373508;107.4508804808607
369;1;4673.7793958694665;7.05316433310498;17.33001679237008;965.6282176317332
370;2;5274.219272135326;7.725149111658403;28.683072077896053;276.3264023054275
371;3;8513.535047553574;7.582314827498712;31.94042312606885;927.2623954097701
372;2;3636.6269586360213;8.025487911947016;25.43420377316212;712.201449144338
373;1;9589.16727169343;7.810331753850737;21.24554340094525;768.5099442310418
374;3;5068.920572355989;7.474598935528357;18.73052727175363;436.0277291105524
375;1;6863.739055514642;8.173010086283556;36.144441990947456;361.5118918767439
376;2;6288.251423916584;8.521973417622368;15.076058683784074;830.8483708768521
377;1;6133.420585644364;8.141041266295403;15.933773758674757;12.402474119417187
378;1;6859.121229344855;8.99955589582106;20.1542815571327;82.18700367236724
379;2;7680.903124528841;7.817204667198435;17.089962496655144;805.8962922229583
380;3;9636.23301125706;8.069685775536458;35.81466673647774;482.01475386540784
381;2;6328.391886199312;7.157975287818637;32.42215431372787;928.1313949604678
382;1;6090.951948747539;7.58334725287192;29.701862784379003;679.4996684428148
383;1;5247.40797062087;7.754096801951299;32.26636166987361;392.7423699657263
384;1;4464.105476646488;7.0477046598582795;36.90752705670508;298.55874509983806
385;1;5684.789404322449;8.553194726033787;37.40622210242712;255.69461059195007
386;2;5119.909598733366;7.614518604326488;16.868630486669883;168.15184647600177
387;2;9656.489454393846;7.882309306949422;23.02264251737151;723.8987572933632
388;2;9320.97315273793;8.805044746176979;23.22065327545522;572.0055822658741
389;3;4981.692644423311;7.025845236433648;22.01815747684926;952.2320824301162
390;2;6291.440843245636;7.62993636364226;31.55719106617873;786.7805216051207
391;3;8242.768066349556;8.908412880686715;28.769804223895356;761.0366055446945
392;3;3540.9976478479903;8.968509409719667;34.999830224860126;748.4133430163834
393;2;6042.729593082027;8.123139077648428;25.603229293257243;803.5252911396589
394;3;7965.27446311528;8.665695545076847;36.12811050779035;846.306985469787
395;1;6829.673894554543;8.724163922323676;27.691346759220174;80.76341864997678
396;2;8222.845006697858;8.661630575104986;25.36154348241046;940.9059979248553
397;3;6118.620197785458;7.673630624944032;34.47429863451589;686.677192170794
398;3;6352.007485979409;7.9376257293452674;34.319124101112074;424.78971996662875
399;1;4728.70539996757;7.5963528153332005;27.858610242485845;151.4515612850662
400;2;9587.316009322352;8.472577437084434;39.479408381093194;543.1863615791372
401;1;9911.621309410113;7.579414160490858;20.419796172296305;342.520914470062
402;1;5327.509832566564;8.758254138140819;17.668757538960342;394.3579253461452
403;2;6562.3177433923465;8.826477061449962;16.42556357766102;579.1337561160932
404;2;5939.894528761437;7.829027706981655;37.625334608032794;593.480636953129
405;1;5408.1468305984945;8.221674649933055;17.15445994092617;643.2722270607389
406;3;9244.896747764127;8.030212033527802;33.934006629804045;902.5777898140336
407;2;6047.56026363553;8.509424161211129;34.29880841338091;866.4792465620964
408;3;6010.467125324843;7.8799903775277995;28.25106873554516;553.1722775587979
409;3;9019.995672123292;7.518819943589182;18.1787269753294;753.7543227037581
410;3;8040.515161712604;7.624862887619628;39.79966287116294;557.7626189348214
411;1;8100.64002125742;7.648477829158054;25.914524711171843;377.72294841262453
412;2;7739.108027833103;8.22215093061969;31.15775430301921;392.8288099749644
413;3;5749.949398052777;7.590413467572892;27.12445045171116;767.0520012738301
414;1;7959.312448232229;7.771577783351348;28.235258636620998;877.448254691187
415;2;8318.842363446149;8.01761360398455;17.4643965350155;644.5530485283243
416;2;7966.651730360027;7.28668390033923;36.731937422935914;500.535449468944
417;2;6714.91102119722;8.543161434812518;33.27834237977238;105.25696770532839
418;2;4707.496155949803;7.387031005932154;32.21215876165222;688.7562229436915
419;1;4932.110281241496;7.510586331780998;23.92995244570551;545.0846921353623
420;2;7576.169905920378;8.86394873197658;24.12235260443925;91.52651248006515
421;2;5575.8314839712;7.647684985820479;26.416595766320164;98.4849809041812
422;2;5304.03142230359;7.218070572479754;38.170018462988395;859.3208033821419
423;3;5433.719778274891;8.162080106867577;24.13256376507199;279.80886255130827
424;3;5458.078244856348;8.980308329430088;25.64377314471093;942.913749323984
425;3;6237.021425107836;7.957374306105042;21.09042707593078;955.1440337453423
426;3;8250.715344459957;8.901769087563478;25.3217162592314;433.26727653556924
427;1;6090.898768829764;7.233487991684413;37.83556590076561;669.7870976463751
428;1;5515.630957534085;7.427766107522322;31.869189645867014;425.0650643490352
429;1;4368.139714674078;8.82112412447555;20.21282109133199;166.3304074745074
430;2;5552.626919001947;8.883754189560992;30.327683260868618;466.0773931675106
431;1;8774.926884637742;8.354134692832973;15.317960896770128;116.09457250815868
432;2;6016.598075749556;8.99367132620557;29.71021052638576;55.4077203072535
433;1;3839.1686567315664;8.056968712605553;23.82335737393435;285.54319330094177
434;2;8006.402459752195;7.844974124916693;26.386749772850536;556.2477875422434
435;3;8338.111290374678;7.297977803490555;22.399206775851194;640.7476911648712
436;1;7606.54788371044;8.851037825994183;37.72955928807092;106.49847899036567
437;2;6213.936853567528;8.183762921397976;27.206962932342286;189.81483873551244
438;3;6966.05816072619;7.476268489716857;19.042287915894924;887.2056777966192
439;3;5913.176230685305;8.979929971298251;39.40763948497826;917.8392127443603
440;3;4099.9156646458705;8.096398671178797;39.62198713796279;419.28850022060055
441;3;9127.172887609602;7.67296316541746;15.886456806388319;952.1726203889427
442;2;5262.807403453291;7.488945274086445;26.078470864674106;809.7049830230096
443;3;5489.899433597766;7.130876092304507;18.750488639857885;65.33099960906206
444;2;6399.596870085748;7.671710105746988;38.1405998416047;263.43319303770306
445;2;7374.018787040874;8.25222144320206;30.814483266619;674.8850701466848
446;2;8740.851183559316;8.491921284411138;18.38981324052603;338.6189464116351
447;3;8218.411657661578;7.278444939012195;21.10731980261396;338.4870830818742
448;1;6803.669820734003;7.322153222832093;17.162268741848518;658.8447602027848
449;1;5439.983442859802;7.40575254043636;15.49073817160106;254.7769896282629
450;2;8675.123957443484;8.420289377046991;26.43828566636753;410.24654521554794
451;3;3702.48041869418;8.1621549082804;35.362721226861595;448.75399236587447
452;1;5018.254481480814;8.455281592496348;16.49129365107962;293.1157279776003
453;3;7349.424609127259;7.420481332441138;30.209225746515983;161.31481110542438
454;1;5064.910528293636;8.617336037154345;25.54256089454674;600.4855286750585
455;3;9315.789861822737;7.640681254877547;36.808678678850754;727.9038643732711
456;1;7681.949547633616;7.46840267756655;28.34520766572684;820.4917492888623
457;1;4494.994576009554;8.778786661471504;35.57177836271107;358.86606899003954
458;3;8028.7739503065995;7.465249303078165;28.55380013168162;689.7645808471817
459;3;7726.679413560644;8.519650312876914;35.41196370007539;473.7621141385563
460;2;5495.034019972567;7.472820315410784;37.8960500346639;366.84729955220183
461;2;3681.311982809543;8.726894377228486;33.64844490656135;579.9158402726235
462;3;3514.035392741694;7.235793915210875;34.71967701032355;88.7273772554252
463;3;6744.154809699026;7.184428219589579;32.042712954015784;190.03277380477581
464;1;5183.36177917915;8.546984598729084;22.83773568874892;773.1895363897588
465;2;7445.000921528035;7.27358798901577;17.286879713005206;656.0344227444373
466;3;7824.534102297847;8.683302660939532;20.060215312416958;628.9508883070721
467;2;9153.862159512915;8.728337227215107;23.798327301133668;883.6175374839376
468;1;4988.2680515476895;7.899085991593475;32.589982584081966;843.3494007820195
469;3;4620.230036354501;7.087885410791662;25.827810130184574;145.26117542942046
470;1;4817.528745015845;8.375206896315728;32.45863302190544;471.2811660430064
471;2;8229.361580813618;7.679553690526417;24.079565630889057;252.31807474000115
472;2;8053.690699535959;7.229709084302043;31.24846575843532;358.2687923274915
473;3;6018.446104648583;7.113162960880077;28.516290255147986;722.3775363687085
474;1;8605.146173552843;8.021088883086152;19.29200978322129;356.99754020676687
475;3;3736.5836184110085;7.556368541302771;36.491403350252575;370.4784481800364
476;3;5330.422252326672;7.1245809222770795;38.344911020987176;902.6712798190604
477;2;7003.747589080828;8.533001370547634;34.89367818448525;170.85669131647114
478;3;5595.943553560897;7.549546081662484;33.45281978051675;979.6936261710464
479;2;7165.650844427013;7.550879839487985;32.807527244808696;555.3662625046036
480;1;6294.618971137054;7.061676269259216;15.134067709262622;646.0700472948802
481;3;5635.695559401065;8.679669650014233;36.465180492945734;120.34266336228961
482;3;6514.165809907929;7.528595684190897;35.85022330346189;706.6840823847518
483;1;9199.536586484268;7.070145665704329;38.564078896605906;337.0608147988642
484;3;4609.528977434187;7.077816633240031;18.68252099872482;633.3546640296909
485;1;9798.415971208608;7.109372415744288;31.31083798309973;298.59795398779244
486;3;7896.888087278258;8.964902320710994;18.477267839733685;332.7057965026642
487;2;6469.013678302532;7.441418110430295;28.76912415241605;27.864010565401877
488;1;9401.2343567047;7.137146207477822;39.82650786096;989.8132132443889
489;2;4732.330831543045;7.478330204280967;36.167372481593915;222.8832339849158
490;1;7457.284784406189;8.752965159818228;15.27037543834378;19.98977393369207
491;1;3621.443065646364;7.5467537747542215;34.67534740361867;533.3741742734356
492;3;7766.344315056551;8.211213817153192;19.668116629069083;842.7810183020885
493;1;6285.037364245116;7.308657398451301;35.1955693887104;984.6123512138308
494;3;6502.123511561173;8.346893164242521;36.4751470426192;761.661817677529
495;3;8934.170577613466;7.556576610096814;18.59450180621171;700.4968455994547
496;1;8551.360360966703;8.27040581713112;15.065911156239231;317.6399757364027
497;1;4972.194827328387;8.844778485689524;37.52429581256044;413.9082536729145
498;3;4001.606205018115;7.848046987665007;22.73856410715253;791.0978507324625
499;1;8360.095819152944;7.64702859759083;20.36489032532355;236.5275640517622
500;3;9917.62471117963;7.262224312238355;35.880538128270274;179.30935348873118
501;2;8410.922998772769;7.99750377698923;16.884748249570578;612.4044529672584
502;2;9629.24255316075;8.943026869189842;34.5860311145274;333.31730514905337
503;2;6882.764844994221;8.130574922601602;30.604203490968587;687.6209394598739
504;3;7150.976918070374;7.110750721764912;27.492310205135713;610.0543426161018
505;1;7459.618047464818;7.811872583355254;18.35902320081737;771.5104325792219
506;1;9975.750786927401;7.177762005872529;34.37677611085371;484.7500371626584
507;2;8869.62790721357;8.547223007775717;30.55276470161693;599.6054782685942
508;3;7951.4378949191005;8.477433677489804;35.05307126418202;881.6136725147052
509;3;7721.218089134831;8.735842139100141;32.47763276104226;651.3728004179213
510;3;5098.849086162454;8.4417873705107;19.050668873298925;673.4911376616976
511;2;6531.504818443545;7.912313724901384;22.569502047471712;201.67473112574646
512;3;9516.742711233073;7.66110799890992;19.04658804429614;661.5735480483532
513;3;9223.394591973753;7.101029829954992;30.636564202082823;283.20645425813194
514;3;7787.900294568397;7.386931326674605;16.341364607524067;84.1216622532492
515;1;5744.846912924737;7.737604365539144;21.131219862723086;96.89224288107607
516;3;8940.862436683161;8.424417991167937;29.07032830820817;392.9065360927442
517;3;4716.916684924576;7.3892596827794215;26.50692887800051;480.5288961371014
518;2;6335.404591728964;8.077424585029659;16.325800906717998;751.5211208756236
519;2;7016.71002492188;7.779859413259672;21.512795184720567;798.4460410230461
520;1;6936.777573599179;7.4533605233527;18.129205187876583;524.7804837132879
521;3;5285.061251840814;7.378283503395052;34.73394679865039;917.4049646664254
522;1;8951.652059441898;7.213191243366292;31.13484850593325;364.4925437590101
523;2;7151.327911421383;7.253899850851836;22.580833232001414;937.6736562991955
524;1;5705.1089870929345;7.720785123067749;21.90052611308957;351.0678997102595
525;1;8289.21215553764;8.958185848659324;25.632931986563783;597.7830839647258
526;2;5559.697517304075;7.573350441650837;26.163903029152074;874.1680613720613
527;2;4296.2985075188735;7.295134845750915;34.694654392370296;428.9360935803645
528;2;7505.609973994943;7.25616146106966;38.97893693718389;498.77388006313015
529;1;9660.756789049628;8.165646427738112;37.604711399092295;149.3271959875048
530;3;7881.8803015255435;8.34114033364099;32.20453559031552;300.65383581712246
531;2;4716.941164672862;7.411430831132261;34.59698100098721;718.3977083520225
532;1;9525.872894511136;7.71992381846881;22.303355411182412;580.1988164001726
533;2;9272.049004460914;7.049484922322584;22.095589001907058;274.0569862448844
534;2;7608.900261623619;8.967030585626837;26.99820932255229;31.324348415580815
535;3;6342.929884432508;7.563956877627079;34.55914353429568;252.91095114778312
536;1;7105.53632234834;8.164425003289919;31.7873271267173;268.03693432287145
537;2;8172.789414837355;7.292145313252371;36.71942155783866;411.8934727221715
538;3;6035.121106845073;8.21412973083659;25.354542681965615;613.2013860233766
539;1;9437.273103378411;8.093960252471856;32.438390484161694;208.12830125981066
540;1;6858.956253085564;8.57584202316659;22.117829146262743;863.9137555226665
541;3;8321.114530555027;7.101220162293799;19.95448684663494;101.92332740123204
542;2;6456.233462403759;7.1257935173290115;37.135422369551485;761.2648219695686
543;3;7086.650781041917;7.1628896063246685;19.828879930642113;527.5673207780328
544;3;9829.826492304586;7.369390887171948;21.930878854708624;972.995879833154
545;2;4628.734707998994;8.330100522781878;26.68605301087449;737.4023494750829
546;3;6001.256253604246;8.591499405745179;38.76240579634261;971.6514714190633
547;2;9567.430219776423;8.540525541563934;22.154170623104676;915.0207689163482
548;2;8733.69453655506;8.814186091018943;31.752327473519184;889.3709967912897
549;3;4300.707224580528;7.926384435116846;39.262082763107415;120.26639432917389
550;2;4154.907730222026;7.069767768502812;24.28670919286104;555.5307594081291
551;3;5264.834917025974;7.060487848166286;33.904814372563806;953.944866277949
552;2;8423.389386144061;8.900471948490221;30.63266150837022;367.9684581816399
553;3;6527.544569408249;8.803692757483354;25.42937076081277;936.6421342684348
554;2;7051.357937471254;7.183409316331087;22.087297418429127;161.70252581082266
555;3;4193.232645190842;8.188945103688678;21.950761882430896;3.8283350789804453
556;2;6542.964460808473;8.02419275391389;39.99506681460913;562.3234790672497
557;3;9143.909503115769;7.938536048875046;29.043353463068907;933.3528478137658
558;1;6787.253119631083;7.235213844914146;37.47105993077428;675.4717273197402
559;1;7681.382339884775;8.665744454360281;20.038407092492236;91.6333605520207
560;1;3717.614630090776;7.277645804392245;38.040385633151665;514.2083533212577
561;2;4366.092274694375;8.431030955297206;22.389299877002212;366.9967061449492
562;3;8841.78390535347;7.966388006632943;15.145702609158747;404.529788641705
563;2;8492.957517501647;8.3955134457788;25.582402347539446;989.8921571834843
564;2;9016.721054317108;7.419366447601934;21.66332168125169;362.74357897071
565;3;5913.144491654159;7.41977503078713;33.79690104633828;556.225500601502
566;1;7919.682135644562;7.702133116393478;19.10511668354389;761.0111318652636
567;3;9954.893668018543;8.194751680543813;33.49110510408822;566.7703650859684
568;2;7689.800367575232;7.226308460059926;32.07951332665438;699.9320418830976
569;3;6329.157719197112;7.967684440272492;18.641839747587312;221.1135790684107
570;3;8985.198787699432;7.610583071278526;31.5176844675606;603.4529782990026
571;3;8358.073226362605;7.492924396251151;30.90844328998328;915.5146993038858
572;3;9166.878532364804;8.535402313415279;30.404652166965384;174.13952348380798
573;3;5814.023684650229;8.688574611842787;37.54903408195217;117.16571516946996
574;3;4142.4096781750495;8.807532416752327;37.45729597584757;856.1496364838135
575;1;7112.167552348892;8.116409839496573;16.65703086952773;360.8926893286262
576;2;4900.519089801783;7.20393482667445;25.774154137186272;399.50047064721775
577;1;3651.3749136894444;8.521135545083549;28.561482926046835;370.8680120589225
578;1;4366.295716882125;8.72644274375774;30.85103092907631;590.3536997783227
579;1;9167.762642818676;7.033852471418287;27.652419441658477;329.246216043481
580;2;3630.3657293625456;8.398848154460868;19.742273878804365;649.7976095285419
581;2;9911.285775966233;7.599816619739253;35.87100218328123;148.12826132241915
582;1;9379.108335931696;7.310352401453738;15.561737148037228;403.87861845361357
583;1;5872.787051204317;7.8036790166668375;17.3261196314814;788.6105769544839
584;1;5333.331453098704;7.168834270011535;39.716764511596494;74.92535716314835
585;2;8072.354496948841;8.394293030000643;29.009287920122617;659.5124971758111
586;1;8022.680900202516;8.616346077398358;39.54732258355928;807.9161863321107
587;3;6530.566949604727;7.022795005560118;33.02651436833801;504.15852109873566
588;1;4465.624384257121;7.1428588254148515;23.249250547849552;267.385249999402
589;2;6440.501705509475;7.835980132432745;31.56657404481587;208.97915868186683
590;3;6707.297970151575;8.931821027356458;22.0489844706444;518.532191610605
591;1;4349.984922915219;7.9977211746152195;18.778497510996097;47.75820522941119
592;2;3720.3626846203742;8.691084925122928;29.049001537935762;41.00997154502192
593;2;9263.44593966192;7.389896644336329;15.202098773768714;918.8006897572205
594;3;8023.134969866137;7.772725093484116;19.187650808232007;88.86176371401035
595;3;6192.2288017496285;7.016133194332561;37.03609522584708;849.2811115594346
596;3;8205.189916792751;7.0513768841636715;32.702668959520615;757.6504890886691
597;2;4150.928854289282;7.25062181705399;31.37037721565247;340.6631016302461
598;2;5012.6089019499295;8.44647092651735;16.90096147610468;550.7240382884005
599;1;6763.948379877155;8.97850404503819;24.044544981025055;202.83572386683335
600;1;9672.023031382367;7.01950667791235;29.044943920791262;838.9090163165474
601;3;9388.88117348573;8.393232723323877;34.53467637623386;365.2675686064241
602;2;5559.0761109553005;7.439162049336276;25.178927263351998;833.729892809597
603;1;4810.62085609052;7.01906706294392;21.052282321418218;897.1073647966233
604;1;4251.958000364663;8.909421510803043;20.463054951591985;806.5972740597505
605;3;8386.53053761835;8.767418827164486;35.291737816875994;574.527978673538
606;2;9893.20870817955;7.365011013083917;28.74140264492868;280.4252232336537
607;2;3925.962658754451;7.916278143028415;29.796596895304717;326.8999772735188
608;3;7223.998550111703;7.510646408813543;21.06909203606813;449.87847962017696
609;3;3582.7855597023686;7.698347557907329;38.03704881094914;917.0334027333943
610;3;7943.3767299274605;7.518640320277339;33.12890257437999;886.264556485716
611;2;5701.758559444896;7.4374820624927205;25.75406134220981;403.8620289469842
612;3;6662.141704353733;7.06918544744967;16.670710169393512;12.13728966445954
613;1;7290.702124400745;7.025002816624179;16.51067683906555;291.9142210984568
614;1;7658.745054065458;8.148945628903029;31.869234738583057;452.25330649932584
615;2;5798.841964587313;8.637968059666864;30.274707828811195;322.2133955397099
616;3;4125.099399641374;7.560027223044276;29.660479037798414;997.4888271247378
617;1;4955.953736773446;8.25373239212576;23.377597112223025;665.9883871199102
618;2;3574.0954750970354;8.450969878249092;24.64588987879058;901.5854382874545
619;3;7479.8681290248205;7.0970142055361265;29.051343399458272;444.21937497841526
620;2;9060.690824256366;7.258557894942777;37.785312886964675;123.70794154799579
621;1;9690.942770106874;7.131557079033568;27.921152750960736;787.7066836899206
622;1;6454.503851352794;7.415030914263955;37.559904785344386;173.24293693157196
623;1;9326.451492589304;7.877053697150746;24.86324934406728;465.56794891343895
624;3;9607.350755648069;7.779614711033499;28.32565692447543;829.0770281232183
625;1;7314.043404673221;7.1974913052977785;19.088618635944357;423.600183258514
626;3;4524.669683497145;7.309811181215265;31.100717739295792;114.78390178800755
627;1;5577.876069422886;7.300387670492641;23.709871970129868;525.1203062210581
628;2;8360.965957957857;7.329871722765602;38.33353696990244;779.5551087629686
629;1;8562.825677126599;7.176689178566689;27.528518497325557;882.623540467686
630;2;6864.043828696486;8.048390895868563;18.40315256489544;424.0286442946917
631;2;8056.164502868608;7.749359094926453;20.453000573088566;628.7596808476496
632;3;9605.394461793818;7.186363653288661;22.51874334052392;203.8092064702612
633;3;3740.9554427929174;8.744558418372229;35.4418920809774;43.779559820630006
634;2;4221.96222480765;8.523093105727629;26.701743002568925;920.2381832387694
635;2;8370.187943109095;7.427613887199818;17.684350274710255;789.6592759435159
636;1;4562.210708228122;7.828877713123281;19.081336909978408;284.1863313063163
637;2;7357.6331858934855;7.082812982399283;25.40326766189912;40.14459787012375
638;2;5437.452100355899;7.5021516170702505;25.38055550819871;112.12961297020074
639;2;3718.7446152313587;8.139138142500633;37.995722156780104;554.0254376379215
640;1;7661.693849621327;7.217654490830382;17.522642498880593;682.1778771438146
641;3;9276.353145684257;7.70865785603658;26.32022636665314;87.44815834482898
642;3;7802.44627346872;8.421192281724645;19.14223038407112;754.768169828948
643;3;7811.824955725981;8.619738569761227;31.047278576421334;398.57203873937544
644;2;4329.1562596071;7.713948001870062;18.30599127450724;696.7876230986658
645;1;5880.534212272305;8.750314542027873;15.86154597986802;779.3330254220486
646;3;7337.906116353339;8.112306456422997;39.34247800105908;624.6938430738055
647;3;9337.925656902335;7.206848880810434;19.85355434971926;673.5765410848638
648;1;7031.794375031775;7.300714063457701;24.228199515536396;959.4173096995472
649;1;6289.606273823881;7.03942587467284;37.49581974968552;420.75773906559755
650;2;6135.30536740229;7.419106667377073;33.24428876750209;199.73147934716803
651;2;6986.879661364552;7.2732196933515;38.43366690136443;429.2531200025185
652;1;3824.5649649379066;7.75214416076099;18.975654399438387;462.1385785230344
653;1;6298.330806603508;8.489066982497741;26.986166150664808;940.384628522209
654;1;3924.1780279924747;8.03106322760189;39.88378453496052;687.6273819553207
655;2;4217.162079892755;8.808426592128177;16.470189398093687;615.5528204191471
656;2;4472.633290254581;7.320850793736006;19.34088876829954;929.2448305491317
657;3;8330.135743034938;8.922350759212119;36.38915371393528;99.17321228489453
658;3;3543.4052710585242;7.2839771133042985;38.72597947536184;561.5444337429582
659;2;4847.393226534099;8.274349704465042;17.405917517604077;835.1579004108095
660;1;8380.526396340589;8.440945108547396;35.71170921708049;908.375729810267
661;3;8949.058557161952;7.1906301723656;19.477151182774215;350.3737473125835
662;2;6074.379491929205;7.497825053405882;34.798569688378564;491.561306535375
663;2;4856.048997130059;8.72801212361717;16.882610962684687;458.192119979472
664;2;8996.871317660167;7.077456422163955;18.584045671695748;501.5211512303342
665;1;4635.404378106352;8.79323425346869;32.65475556016115;690.6393257491715
666;1;5264.398883316898;8.988556181518788;39.79183958518403;189.30941898221315
667;2;5691.7872797067885;7.045979498128219;28.282298187872236;465.2009311432069
668;2;9347.344531605233;7.8229932839222185;20.384722979110446;982.0627334997905
669;2;8772.505495496967;8.278517782522627;26.13697666325635;282.45058723759894
670;3;9031.022659311328;8.396770830620067;33.317008706671395;161.43162028589416
671;2;6274.6189704009375;8.208288623284744;19.665711352325655;90.7479644625729
672;2;4782.426559000957;7.093346527286092;27.963680730781057;417.0333926804718
673;3;5877.4050871244835;7.907246155774273;27.4107686658753;67.55254443746901
674;3;4518.327769067626;7.133132385741171;39.83257466405283;835.3229432236768
675;3;6561.865616496447;7.142816184706046;15.81308592874568;84.2927250333761
676;3;4093.721170063122;8.110488577597135;21.413944009965164;622.2591446808705
677;2;9351.80682977298;7.312390228157211;23.775722884402548;109.30972316918972
678;1;6707.381095865197;8.603956476569238;24.110769330904077;310.49724976235404
679;2;4513.60077094637;7.445670242961874;16.94471509475968;359.2079393668417
680;3;8004.802890655245;7.420055172144833;36.55634311528107;432.90902793609797
681;1;4013.886161161438;7.916119978351649;18.711202816404533;351.1724670364188
682;3;7654.094211984561;8.815246795988788;39.651907028431495;583.910584154739
683;2;4226.929226394554;8.361187033687605;15.883232457695495;142.4989549983667
684;2;7520.0023779926;8.947991411804843;36.05222648199056;607.3807429260726
685;3;7497.769333771225;8.902718723385528;21.319968158638105;640.9129073751461
686;2;6680.144959879457;8.820205677489149;38.551706741383214;567.4383633381591
687;2;9613.024873950897;8.572996175646754;32.01132149547999;482.08284928210395
688;1;5409.046123700381;7.782389924069526;17.36523175797199;904.1331330104671
689;1;5608.410301708553;8.65215460067132;18.910892389197564;554.2114957178638
690;1;4056.180833446207;7.958345777634731;36.22488862280108;204.13242985396244
691;1;5958.667683059024;8.104173516174761;39.765642065061755;957.4541003106337
692;3;7854.385657355397;8.0836031565119;38.91352561452478;260.2118860170313
693;2;4624.310148381398;7.395922355856958;27.22458418740603;149.7433038621272
694;3;6783.678159835653;7.945344936787979;21.14399238766517;885.1623543943724
695;2;9631.023386898125;7.253039460233008;25.79855481151318;792.933048518551
696;1;8089.877625899331;8.262301702568296;34.742159985111996;157.14303681044083
697;1;6220.609983904624;7.689463559765893;31.309332999511504;53.37278261471068
698;1;5201.839932052038;8.7645472747072;15.029922559302708;868.2556540110561
699;1;7594.143386567564;8.384423907153872;15.4558772316277;119.08087788491862
700;1;9258.749084308269;8.413322535663193;31.50129417133512;244.34181603418446
701;1;7116.5220869745135;7.3286544058855005;19.002679326211663;498.91740288575556
702;1;7089.093465034202;7.849196425432346;23.115790338079265;617.4742171677362
703;2;5595.9548003062;8.982951654417079;37.90795691898738;532.2111601561672
704;3;5409.700592330643;7.598124832362118;24.833374181247247;156.89585354876684
705;1;3599.6150184412263;7.68157453868289;27.604942134836875;415.16179174674863
706;2;5420.711535167424;8.17987989640001;32.61133973174719;746.7076193350035
707;2;9596.488029018983;8.454729895154268;15.618835950249203;576.7485489227844
708;1;6894.602984545267;7.9245267401642305;31.099697791565827;580.0328704285303
709;1;8278.932201985383;7.668209440276715;24.453899322030402;800.0454202123458
710;2;4412.402616412544;7.580112653115456;20.9338143214662;139.09230281250424
711;3;5669.059785577467;7.932037168542073;33.51230424875905;661.0558971157766
712;2;6275.718686033413;8.852885359421519;21.872825990910243;667.289295178254
713;2;4321.258906985357;8.60974480264099;29.581057334168406;650.4829231712645
714;2;8930.27375617301;7.459354794875215;22.577717198039153;193.4691098115708
715;2;5182.344690784177;8.815480953763359;19.527638877409164;241.1150638932381
716;1;7974.00818894816;7.6602174072401965;24.234270070273993;57.94447376002252
717;1;3844.767707072109;8.637219512571946;19.477982152251172;124.480585165702
718;3;4954.477314097012;7.13958264153961;35.76398337832654;242.53965167575655
719;3;8408.41901027047;8.892232981768995;29.990717432307214;256.3255628196691
720;3;7274.17189641034;7.399434907755645;27.62477228673862;777.1753728825934
721;3;5847.319164718965;8.634405249098933;39.62586849268247;893.0065668071851
722;1;9362.10668544195;7.087166654026218;36.99545641922944;126.08313135580359
723;3;7223.730735991761;7.229328275831215;27.846240874722547;392.92132803756834
724;2;5145.658211555234;7.610525884301051;17.261777207261957;712.9251561829622
725;1;7440.206998840954;8.65516969588294;23.623446192634024;524.5656990380501
726;1;7851.45273908406;8.29781629515207;32.403855968863866;455.19788981407584
727;3;8519.290395836526;7.1268584018362375;36.21114479763627;559.4377552744774
728;3;9351.468579023209;7.01384828890014;18.87791987031924;159.07325086455043
729;1;6664.2407373022015;8.045891816430943;38.10528754246016;780.5272188239218
730;1;5220.710459856181;7.725215798363038;26.425999848234717;109.24401152785967
731;3;8438.355412200224;8.405926800071938;15.811260768920727;304.7968916176468
732;1;5822.7362120661455;7.092599633730643;23.537786921664342;553.4738700189954
733;2;5284.16935731962;8.93138442649499;15.766125318831753;70.50256816867486
734;1;4116.335327216033;7.2355606407110065;30.62527327587521;215.86119753397818
735;3;5742.090189157845;8.569989937965977;23.867085194844478;682.7661286511792
736;2;8934.055845367755;7.636470375214198;22.480018145680425;963.5307907883433
737;3;6278.716131044756;8.217121714299768;17.927461873141745;649.8119391042309
738;3;9701.25342460709;8.52166336939891;35.588385765933225;154.7636940622246
739;1;4329.055728642711;7.843608229401999;37.302571562632835;726.3609618982763
740;1;7489.600633704279;8.405715985992215;18.62410103269852;772.2582269102172
741;1;9538.151864627172;8.393263252463115;16.87858659215355;622.9631241469475
742;2;7743.618709477958;8.590776575663535;20.490650837519432;522.910153611995
743;3;9190.03250114546;7.364615620445956;32.87367310987261;666.1946156239906
744;2;5264.710466051997;7.9113316937902045;33.62759574790111;105.67665877592131
745;2;4540.647858654591;8.260215275204729;31.83310319840902;85.3794822098251
746;2;5422.506403752272;8.903708134376021;24.42610918132615;519.0066297900295
747;3;8737.830122021554;8.484554439238803;15.042750134530376;595.123702504517
748;1;7020.748189952424;8.13794590127612;19.952485149498155;752.3451686249011
749;1;7041.001653974892;7.047781022733568;24.838125909707074;696.6125262248469
750;3;5395.693904802564;7.611155326318542;34.684451339398365;420.1988485233496
751;2;5070.114066710826;7.721659759538017;19.019959909683482;431.9082816288721
752;1;7037.279706588555;7.078765335672962;28.810476222027656;345.2843109079805
753;1;5750.579369901683;7.188899280551624;26.3156212697885;466.6351443512436
754;2;8045.402494055676;8.30699244687402;32.99317156933856;46.25991434493406
755;1;7272.870920988718;7.518211184187383;25.73316392075028;867.7500212771029
756;3;5883.804954276182;8.963231833365835;31.596357868828758;127.02316423982744
757;1;3553.7529755888286;8.473438903384729;22.62137237925714;86.04331943892937
758;3;6728.610880057922;8.443749301068845;21.046835336071208;623.131915853349
759;2;3816.143553175131;8.488237988604652;33.08508231314162;698.9983683937985
760;2;9080.800350413503;8.21110334325744;38.033835898912535;88.99213384928191
761;3;4257.581057174586;8.244515654698118;16.952951009936392;434.2775657699818
762;1;3598.9122432752874;8.682952931598406;23.991037454620248;906.6969119224714
763;2;3839.1781215662713;8.895213391633787;30.768794496928226;273.3489143062987
764;2;8397.735770363699;8.466774223846961;25.070585452553907;584.6959597740993
765;2;9357.377536619246;7.036436340868541;18.50311717261216;902.4458672044608
766;2;4185.023608911602;8.474812443840905;32.6185810779328;693.6848936375295
767;1;9188.42295387966;7.918254896347452;24.131983069632625;514.7580691382533
768;2;9313.071575120357;7.4648487747851675;21.51589598541689;914.882357629034
769;1;4153.791825658174;7.0476247295906065;23.439319249880022;765.2854609356999
770;1;8255.580545059951;7.313906009846319;28.0015078264028;833.3695011750267
771;1;6957.627349633865;7.444488181882942;35.737855066338625;8.221782460450834
772;1;6332.422829291698;7.128427616729103;17.118023419613372;454.8014604965648
773;3;6030.364086849653;7.382279543525124;33.44613823784123;61.90223001996927
774;3;7179.635639480834;8.070172972570063;35.85730178233459;50.26745852100589
775;2;8704.01629248145;8.703231435725982;29.909171795130995;565.3859358372047
776;3;7697.446695562943;8.732056899542265;23.338579675156502;157.9448512534968
777;1;6253.931885981452;8.30150995963269;39.01800279130657;152.40570147444518
778;3;8597.007088787263;8.127236682674038;23.59472448742659;990.8123730603455
779;2;6666.499818272479;8.006452058062509;38.74621076360867;177.921740420804
780;2;5089.461145999288;8.684578724581344;37.892925727720254;200.27653764753535
781;3;5643.084386917968;8.162589708845093;15.380090577286749;838.1254987241418
782;1;8797.989585182104;8.905188596357403;26.59684755197457;829.8204746522017
783;3;4555.873660863673;8.012475126668264;25.008234285486047;940.8909030571003
784;3;5433.060030091872;8.992123533085378;29.476533957345026;58.24643106917362
785;2;3770.0417608506496;8.353007796807931;32.13464139586836;573.4956188564121
786;2;6445.206435415071;8.743861315656892;39.56204860623575;33.530676537905926
787;3;7428.422894122087;7.603679789351885;29.36053732960951;301.5301112463533
788;2;6236.68389235655;7.2373642946669285;16.836256901050966;826.6096076232625
789;2;8335.065121274985;8.031836492109395;23.236936620606905;0.46500022460898083
790;2;9634.097634403026;8.78474488614721;28.18232540628541;225.0664668241001
791;3;6194.520080243996;8.231461303410999;23.741638960773756;665.3179560699048
792;2;6437.394664079746;7.632463988266045;25.675122558938224;773.9127992929981
793;1;5223.211293363684;8.59497589212903;31.260232306053428;392.92080068245536
794;1;5390.244218652415;7.929353326868126;37.0561197275708;170.67948629406038
795;2;7077.432130224592;8.945803291112437;25.810365909456564;386.6304195140561
796;1;3553.2679703686304;8.319529238892693;22.999127022523925;468.1200810682611
797;3;9683.841751260576;8.653113025388336;26.613319839222076;433.82641846884286
798;2;5336.065372203579;8.78075229080252;34.705144181262696;293.9807541120719
799;1;5167.283350003332;8.665499486177596;17.894637094996614;999.8515889325847
800;3;3960.2161471339837;8.916081025690204;16.363156249473988;705.6240605369608
801;2;3682.9861018559004;7.435044909751503;38.59948790479004;134.66932356920617
802;2;5070.363535296888;7.0956600652216055;23.58577759893935;409.3404042118968
803;2;5641.5355085301235;7.517820537921259;31.721422917043732;857.9584808670977
804;1;5593.371491184967;8.990565067221851;38.542262203345416;658.5632267538527
805;3;9213.380899892432;7.774388640906571;20.253698544442262;138.19680591537144
806;3;4397.834544014464;7.531587302406068;38.810090531261864;633.4616654640312
807;3;7084.94189018072;8.465497383989655;30.644009853581935;7.197734892238612
808;3;6163.705107426378;8.181556952889924;29.62894930985373;952.1075467861943
809;2;9746.16029058313;7.933360292015715;35.60437003459758;746.5281821740261
810;3;9863.173978534276;8.39281994685025;23.977143146077644;257.51475564733727
811;2;5738.583191565995;7.039486202262458;30.662637140675976;905.6940977079018
812;3;5482.169229154264;7.316622001816096;15.052986328835408;429.7471523525856
813;2;5659.612255137708;8.887464066980616;39.250328560974594;865.6411869123878
814;2;6111.851004555001;7.238887908126879;26.27194863862086;9.690811181639553
815;1;6341.191248702479;8.19632217781962;26.354496636274344;293.5421105715518
816;3;4987.006667302372;8.173944297609985;17.320345073970074;819.4265293213783
817;1;6315.1298136117;7.392275982320387;17.8185750091599;680.5772365922327
818;1;4963.217863361073;8.041353187651913;30.624874176981987;853.4087374224574
819;2;3597.8743422459934;8.50029249690498;30.53985320243456;800.6261894576396
820;3;4176.094096427725;7.226675216334067;21.726145014687702;6.504446703681498
821;2;7648.364080746;7.868586900117213;32.76057621106774;959.8513956385674
822;1;6676.150993432995;7.943115843883377;32.04777180048778;429.9246491269786
823;3;7518.306366241364;8.987573963996274;27.283318424184884;117.28622733427511
824;2;5248.273882433233;7.245717742866465;26.6878118031102;462.4675210290156
825;2;9084.852381624565;8.142892971884768;39.56101491196765;684.1176702873992
826;1;5730.068955169425;7.137897982800278;15.885055177640185;469.72156536441554
827;3;5105.924080314363;8.893440327650953;22.067953810998606;50.91308273344153
828;2;4213.105410070681;7.066439000680116;33.09482791518366;570.8335626361375
829;1;9612.808731401627;7.341231014437898;30.286811184199657;47.895182275154916
830;1;6788.5759051636505;7.973010659409758;30.506468372729355;989.2775750225398
831;2;7969.514279009614;8.449545560945214;28.067125979574833;720.013770636323
832;3;5065.1122687016705;8.29856175028185;22.008774226497497;98.81739075786946
833;3;4129.246472864424;8.70971446508007;21.60590172382917;181.7327218001962
834;2;9611.478168627636;8.822381094105301;15.667196842210046;548.2162666739015
835;3;6898.051785471023;7.482457081932917;15.357832441870624;650.8544093496578
836;2;8810.928345688862;7.54172812476586;38.3739020937081;791.3217710355325
837;3;4180.352035675179;7.4018363513726;37.99579479657896;260.4479047338421
838;1;9020.229083142684;8.666331151974685;31.16687240186686;698.9327968680715
839;2;5063.652860458744;7.327435150033143;24.902785493220954;592.4214260281842
840;1;9505.944777660156;8.22995621777827;31.025537117599033;53.37630762912324
841;2;7533.526437840934;7.22938473134617;39.0172300697313;810.8415838939505
842;1;8427.756513611337;8.427906221799502;25.845135547533495;218.32877831012482
843;2;4698.513686734108;7.358419544526125;15.380636193785284;66.04022193093611
844;1;5873.443642609687;7.8330875446202946;19.508200958384354;535.185202367039
845;2;4841.950818753866;7.794451655129283;19.10445984750459;98.64326280894365
846;1;8007.716604187645;8.729773215630539;20.729710220481987;517.8866680834197
847;2;8201.106913434625;8.986102837076743;27.10659736475141;489.1544674171012
848;2;6118.401425467608;8.602780798462772;34.145948839848046;658.5552820049436
849;3;3802.831427928834;7.8330419684582715;39.381672928468106;993.3025632596273
850;2;9531.271237530398;8.356415630615427;36.37675679731318;879.6523183115738
851;3;7760.393434107014;8.840868207550189;38.167947081508345;252.36766762889016
852;2;9096.248371976199;7.935531036561451;17.42366722614839;194.64370487979983
853;2;6821.668182557171;7.071266937006148;31.727323795805525;888.1685018638184
854;2;7707.844257403215;7.56161210309512;28.244549718010298;308.3793437743982
855;1;3906.063083967919;7.960778417064272;36.44637826758202;330.0126526066554
856;1;6907.470794280609;8.176128397695091;27.817590740540275;632.7751143494555
857;3;3819.0697555454126;8.422267733500725;15.43685488921004;25.069172004718794
858;1;5763.281167733615;7.408353114736482;18.153455517247416;815.1199979789184
859;3;8276.368685512492;8.255376400643346;22.74206701040842;603.9082890949599
860;2;6858.585654466886;8.553568081781643;17.516187134952133;711.9799886696187
861;1;6273.004722623084;8.922131499830472;24.64098843128073;340.20667336819855
862;2;6186.628715798849;7.215942388982886;22.019517751789554;273.9932456527911
863;2;6973.4851475794;7.195558699004571;38.29231650896208;307.8367838793689
864;3;7582.021226967565;8.201918714238936;36.37851185804999;323.0392054359888
865;3;4229.051887267152;8.245480776199102;32.47965525714576;314.05336774456646
866;1;8228.40156114273;7.774082250327101;28.70569904971209;715.8300506464634
867;2;4155.0108397589975;8.22713554919316;25.047779489794767;452.0587368977563
868;1;4479.3256709117895;7.651827725076149;27.4737671539134;457.9022482431937
869;2;4554.345192290859;8.592869240593519;29.66889621943699;171.47934896687084
870;3;7114.146657672411;8.777416156628325;35.14822721685164;700.960832287362
871;2;7217.182866535529;8.371092127957676;26.73269495846259;431.6894813625773
872;3;9511.900629571728;7.6588568555162455;34.47062099252115;322.50096182679175
873;2;6064.265803464925;7.724649365824264;35.71088164395866;173.95873433891222
874;2;7866.633465497946;7.819413357600599;19.735664247609165;496.8703707942851
875;2;6983.002476012449;8.383039637209901;26.153798582716924;208.64017916568073
876;2;9762.543649535059;7.722967792576078;37.765505601788156;400.97025563997767
877;3;8077.374025854682;8.64813825169417;33.49903774358312;685.3285949181276
878;2;4778.339220491187;8.528269561251184;22.077964577402167;246.7636492407587
879;1;4095.81806497341;7.743914024748175;23.59265634713614;25.15627966073449
880;2;9982.178400728033;7.829947727624813;38.57831046513823;992.2512658914305
881;2;6942.853693238968;7.595381617669094;36.02813596115375;624.4384320327991
882;1;7706.965060224489;7.093328155640869;18.936645481502747;21.976929184046277
883;3;8901.733598271614;7.213418302113115;18.33088329715245;877.6885031476274
884;2;6207.901896932557;7.040351454696669;30.608682119209973;68.50405460622325
885;3;7166.45599270087;7.590797574785042;17.79679683405913;869.4380126764379
886;2;5484.063053802477;8.255816715492825;25.359096580955054;388.8152081008172
887;1;8992.064566443954;8.662868065574331;23.03937486635766;531.0876522710078
888;2;3564.1643184016057;8.308124757611846;39.32161506840721;250.0532240101342
889;3;9338.315240371956;8.361636548380467;28.05973143752462;89.45973266306619
890;2;5832.068941948715;7.442524147901427;37.85478014100535;27.24812142897114
891;3;7495.949988509341;8.737785792077013;38.60639574599273;384.60139828703007
892;2;4102.422814504769;7.4507069012640645;19.998891615696103;873.9678282444588
893;3;6966.9806394269035;8.740224639969876;28.37864299329412;531.392952253282
894;3;3956.173720687494;8.177669037248881;29.156486887948716;723.7980021163793
895;2;8277.417651356325;7.776948193889598;32.5639466358863;177.3822004302937
896;1;9855.462389298758;7.87439117348033;34.195334636614945;910.5846554755901
897;3;8105.1531499003995;8.32397791487509;36.34068139942576;838.5129072065753
898;1;6231.695357610797;8.012630210858925;17.868407624165826;611.9232841430186
899;1;4855.128786930866;7.543128794392082;30.56106481202514;770.9148893521617
900;2;4452.343754891174;7.538864433980764;26.41288756502956;213.16431931721527
901;1;4824.376159077658;7.262282304581137;35.64637997218553;228.1737826302882
902;3;5893.125839970347;8.483928712436462;23.274336255950043;237.06148319518314
903;3;5478.101985377787;8.232031619584303;23.12862275424114;782.8185139218681
904;3;4899.331137259891;8.991066671243356;22.231049850283505;854.3036730643813
905;2;4734.004642453205;7.40478036896856;18.38914788050581;157.16327007213496
906;2;7008.265500856953;8.083080096409615;31.186629047947456;838.7741239070239
907;1;4102.022696218491;8.385892280455504;31.642319025819667;385.88623050283655
908;1;5094.407239612747;7.5299282707773525;19.20085597700089;352.89116762947657
909;2;9700.301292578646;8.698088017273125;29.21199812284896;895.6324789815541
910;1;8973.621910805941;7.3412376684986365;38.852929006914195;308.57875403240166
911;1;7934.781016525741;8.907795274279843;17.249301991471523;286.4068818781867
912;1;7331.313147951028;7.172692731965304;17.073850281830957;718.0901442787064
913;3;7075.872004458919;8.104858615622607;37.93513140012668;518.9867945085838
914;2;7699.4845085206325;8.89218124621098;30.902155616521576;635.956894021619
915;3;7637.078965238509;8.91872975546558;20.471442477052754;470.81792661470575
916;1;7618.7144128612335;7.445140191306588;23.494885309361507;722.4206218078915
917;1;4336.634484285112;7.437016592375945;18.535395465134037;975.6762506956164
918;1;4421.12565325988;8.814395915822557;26.830181620622035;948.7440082953731
919;2;9210.908645951205;7.555987629809113;17.370528661717557;678.2445101303678
920;1;3642.4323516329323;7.315736316159664;25.951954258795475;755.9182212161169
921;1;4679.018084129635;8.367494624638542;24.548639970217323;573.7787715139676
922;3;6510.00370212399;8.504829861427448;23.924210177278443;859.6099672041286
923;3;9660.223627268337;7.31239401953381;17.896655250015133;424.86826067626174
924;3;8394.928829666042;7.491363221269421;35.45835041911472;809.8343679212837
925;3;5919.882311454623;7.662310995945932;36.022958258893496;772.1531529141237
926;2;8456.834833453584;8.477888181429131;21.461517882048142;983.1989384015251
927;1;3779.50173378023;8.299419367978912;35.66643160134774;544.3777396307697
928;3;5616.8254991124795;8.571424575553424;21.41521174522937;730.2666307789535
929;2;3634.3963016959724;7.16721947323342;20.102691398277678;15.007843868509992
930;2;6463.731005419282;7.075824333743784;32.9911066758756;744.0906652871491
931;1;5986.82968786245;7.6888213649160395;32.08740708630469;344.39289289836864
932;3;7028.027567672292;8.401578124643455;21.413031173013625;521.1013130284149
933;3;5073.166489167028;7.513146580743335;22.58790771093167;762.6582047294828
934;2;8264.81765799504;7.830529028751206;39.04647608665819;976.1159552965088
935;2;7634.153757866217;7.755106094310202;19.17860012204413;658.9342896327131
936;3;9047.4216094508;7.533679984117141;20.51931539357623;585.3849086351358
937;3;5508.597077429884;8.852826707285194;31.881769483494775;4.100500515556524
938;3;4479.97458071093;8.579751623114895;37.387952019502734;794.3485558788294
939;3;5613.136917308771;8.219748786652103;25.66543354476158;943.3885363286129
940;2;6687.994137156196;8.776966387159927;35.57938917015476;53.302164744195956
941;2;6018.355394651828;7.088844954227663;22.91629714957401;649.267590873696
942;2;7981.352663812014;7.470546239452187;15.832335481750729;341.5051926070195
943;1;8242.80172431393;8.994964111750797;39.93537483390507;663.826241456076
944;1;5333.411182991211;7.865352174715058;34.54106875062463;536.5184496348734
945;1;9116.222984360378;8.669857304268877;34.45857213521302;340.113942630199
946;1;9263.135997081266;7.540664166294615;26.99047034637475;623.9943573363323
947;3;9608.397716760577;8.194811763401995;39.42240895526557;745.8256194315952
948;2;9608.514318479869;7.861681848236695;22.97701078016169;936.0535393342205
949;3;6903.333330650024;7.915823103858377;32.333883373820406;239.80954653843864
950;3;4973.15319212812;7.196779516372381;38.93563609495088;428.07366020328857
951;2;4103.456232058021;8.1818942477536;17.053842253645342;437.8627962891986
952;3;4391.926883852328;8.176666669679298;37.15542861489737;311.79310648449183
953;1;6968.913660442664;8.548211938955903;34.142013193240416;418.02806878920296
954;2;9865.500819095821;8.928943443974584;20.47391007521454;931.3133036116468
955;3;5971.817456922983;8.467247566968025;35.0304573179345;657.9334595356914
956;3;3715.8856836039167;8.979524538456843;36.823429774026394;90.01142494728244
957;2;7941.891062121183;8.304220296998658;18.60096897869232;610.4228569362639
958;2;5851.601194189478;8.807475781993379;30.560815250473656;538.2869678489413
959;2;9235.865495638009;7.539510590905625;19.801336507225678;227.9995835738953
960;2;7080.943987720479;7.993521141661232;27.703184212032607;374.24942969062346
961;2;6535.032731773466;7.689766744048841;22.619530368619714;616.8395703112867
962;2;6323.048605289149;7.612772195382737;31.462408391621082;213.76256175418948
963;3;3843.650161875276;8.90800621708241;30.20325302489879;229.65581612287124
964;2;3531.8200669739917;7.436766967695343;26.010187410074735;975.7185322965237
965;2;6099.216599907206;7.132891183185981;16.202136610593055;760.6975073214365
966;1;9418.848232478427;7.578000802740882;37.13623024954285;731.2445464193341
967;1;8881.164288443677;7.811967415510046;23.022687594872465;15.10791723248636
968;3;9586.503782883312;7.531173632053094;28.394041039554033;303.0160106940683
969;1;5804.0512452458515;8.985433454118525;21.285466459503958;881.108898019353
970;1;9100.5273101577;7.4885157679990755;29.393949093697195;49.704376340773
971;1;4047.963417034768;8.508434446011076;32.993940923585185;247.6170225976514
972;2;5006.35294857421;7.395651978458135;39.26825552108536;661.9604348285252
973;2;6457.887397854262;8.446464619710603;25.529993182118243;45.647517000088996
974;1;6881.939001800289;7.180800564966416;15.455273053178065;650.4363510196982
975;3;7563.151436068229;7.219148300720567;16.056840943224596;137.28005957694637
976;1;8252.770862819947;7.476430694059687;39.87669532761386;879.650066176193
977;1;4175.216151528311;7.330924490024576;28.903068123192526;510.1886967343349
978;1;9502.847282609877;8.04765787653885;19.338810509656867;472.2965706960293
979;2;8987.72581156964;8.319072741119065;38.495195579200626;575.4041602847424
980;2;9084.244712475042;7.258647288543288;29.63076170312256;297.8518568181816
981;3;7743.850953249548;7.058999626906198;20.38303597508681;973.2402627447201
982;2;8123.025079391608;7.688163692480586;28.08714364422177;245.35916709690113
983;1;4761.053757476761;8.998711747512566;31.145331099873054;963.4351156433556
984;2;4196.198551509826;7.8815937611861555;35.896048605219775;672.6453490078634
985;3;6432.293086185023;7.418559005754396;23.899463561040776;657.224085631826
986;1;5407.81623323354;8.397191312709888;37.546338591566716;289.80016333153753
987;3;6973.383053176065;7.47855869397269;19.796325069137392;305.37810417009786
988;3;8421.737119880483;8.694788724128845;34.35443107717451;796.7468882184289
989;1;4485.277886803897;8.653098460262685;28.276685015616547;951.4901480320126
990;2;9955.454288727946;8.776303238118977;24.781902201672303;305.00662453362105
991;1;7654.451675375193;8.934733313225001;28.23104772207277;975.4205048495206
992;1;3662.3216311338465;8.363039478429261;32.06982994367671;797.0771506152945
993;3;4491.5573488573955;8.626065250058346;21.220294480591747;477.157479481932
994;3;7232.07789329484;7.0398528457926925;26.928617186074735;161.04528174729873
995;3;8656.807973382756;8.271089404972368;38.25293756280223;400.1038547993442
996;2;4755.029930226829;8.903853442492355;35.27576013417408;888.9143452398661
997;2;6531.462130843298;7.433289004549566;26.923031613832293;84.25119450303686
998;1;7679.1637395438065;8.180888344721216;17.74067264947022;312.53854615990116
999;1;6731.8856975225735;8.34027268534244;15.713126221668341;963.8478618606107
1000;3;9317.99865028731;8.445779831163234;19.963809540351743;689.2966839553392
